4.930525699561199815e+01 8.409578401326681885e+00 2.866742040530969149e+01
1.743406615327080900e+01 5.478813545384782913e+01 3.682425615489661652e+01
1.980744239148282304e+01 2.240173931626901549e+01 3.216153386935447855e+01
4.405771440721220245e+01 3.477011108948858009e+01 3.055907915606873360e+01
7.979850805781615541e+00 3.870962264027795641e+01 2.440072241492754301e+01
3.729494088480329594e+01 1.963200363395772641e+01 4.225651937730415142e+01
2.965171184790321135e+01 7.995358388075629819e+00 2.416871197122384984e+01
2.632868203250087902e+01 4.062829881330253556e+01 2.677277169921161715e+01
1.493826404210065206e+01 3.729488320109794586e+01 4.107544413348622925e+01
3.306331212941410058e+01 2.456075584965040548e+01 2.027349673338900260e+01
2.439537177362362996e+01 8.143884353692538269e+00 3.973289064229273038e+01
5.241755888762713766e+01 2.296407014156766024e+01 3.723259605914188342e+01
4.887346202681759877e+01 2.232428639106643331e+01 2.217934788901653320e+01
3.191036312411609188e+01 3.360758179674859036e+01 3.915959020239566257e+01
1.763650137329147327e+01 4.928823743356095122e+01 1.954909660115209391e+01
4.811142330322542904e+01 1.112723593032189129e+01 4.119766955100836014e+01
3.727212536039090196e+01 1.257096169029673405e+01 3.227275256899330458e+01
2.348214280459144021e+01 1.748479473773659620e+01 2.119749569790802468e+01
2.503547812777824788e+01 2.006973072966327010e+01 4.236555426995742124e+01
1.050530741895679654e+01 4.551599050716591677e+01 3.355447325832075478e+01
1.070715425789991748e+01 3.096614378043852867e+01 3.217562720686272115e+01
2.272548535936766001e+01 4.492907724632043198e+01 3.795747286947599974e+01
2.338030441192819353e+01 2.963398645745207105e+01 2.446272978732014280e+01
4.286821189227681117e+01 2.902177815773196912e+01 4.051163546829122453e+01
3.523967119851702989e+01 3.462976745791424094e+01 2.519893297152538381e+01
3.924893760586638791e+01 1.625590915187502716e+01 2.289167024253929839e+01
2.768515328827444577e+01 1.533640270860135857e+01 3.297858794978051833e+01
2.160916214680362657e+01 4.967371701758970204e+01 2.923463022834935288e+01
2.277548207950026082e+01 3.079108436397488191e+01 3.716413204593177255e+01
5.235346524112789268e+01 2.978159336861099149e+01 2.932352881226512054e+01
1.731386920278403352e+01 3.774386229143639326e+01 2.235435503286924330e+01
6.916599759041131890e+00 3.795434073049856494e+01 3.655126292595494419e+01
5.200503724403644412e+01 1.701433487770509601e+01 2.853837215501759061e+01
4.540790683578845233e+01 3.021166846047257337e+01 2.329899461053114607e+01
4.726943723085629756e+01 1.296697928007719902e+01 2.166257584818547599e+01
1.805544397441874338e+01 4.889269255844500606e+01 4.392623218973702137e+01
4.548300390385718117e+01 2.008935263301152929e+01 4.162109433155941929e+01
4.526544921726060977e+01 1.356896352672570849e+01 3.367715031295333716e+01
3.216187553393946530e+01 2.591412650546483576e+01 4.254750281413882362e+01
3.155946026184200193e+01 1.199484267522622716e+01 3.921361060992705916e+01
1.305507970127047557e+01 4.904510961685468118e+01 2.617708607863018244e+01
2.300744040983293814e+01 1.209540144092088809e+01 2.714433550894567304e+01
2.679740595409804982e+01 3.875877716863691802e+01 3.451279711443449827e+01
4.991609300282992479e+01 3.052412869876886958e+01 3.706140195037666984e+01
1.361175060626974087e+01 3.154948073829951127e+01 2.498664745278470534e+01
3.164703497790722508e+01 1.550342956867346800e+01 2.240712636278876957e+01
1.824423028504733679e+01 2.985726251199002235e+01 3.125551830134806153e+01
3.872834429974768256e+01 3.442190693286538306e+01 3.577446691892402697e+01
5.239174974857202471e+01 1.398225187085526500e+01 3.600555848564502526e+01
4.005870037638116798e+01 2.393373293131925905e+01 2.082016857118577136e+01
2.220525599632595970e+01 4.541000643310482587e+01 2.373407949631088698e+01
1.408704455146884982e+01 4.442260897084315729e+01 3.944052194200986605e+01
3.280870052699327744e+01 3.736053605541766842e+01 3.127002531138721508e+01
2.205730520061430511e+01 1.570781785579007561e+01 3.787544798102755550e+01
1.692239050555092561e+01 5.465482160360800634e+01 2.703278550857111284e+01
1.107462928077417175e+01 3.204102088793432301e+01 3.895164719674728815e+01
2.133214803248460356e+01 2.239818928906935724e+01 2.541158321064708403e+01
2.148578304120538007e+01 3.729850217780595756e+01 3.918861072775649745e+01
4.846855568193474539e+01 7.175625738083547311e+00 3.570303721430333610e+01
4.053655423812079306e+01 1.517965640942012762e+01 3.833275314647697485e+01
2.863022062577194404e+01 3.382578191877136931e+01 2.397791404173267082e+01
5.305103337791156548e+01 2.339329419902470164e+01 2.727295692104294034e+01
2.591178476486466309e+01 2.659786959468880596e+01 4.154042423608120771e+01
2.550914661057354493e+01 1.139548900274020227e+01 2.076813085784291957e+01
2.550756175734197129e+01 1.385782162444258958e+01 4.269508403019781184e+01
9.985734660864366674e+00 4.362162415940342441e+01 2.766842876962792275e+01
3.224888805254401092e+01 1.461631361144787711e+01 2.890769207459673140e+01
2.617140048188653623e+01 4.481137706865010273e+01 3.288549541026254275e+01
2.325967252485563108e+01 1.815793199140853886e+01 2.937575559215803622e+01
6.607987540263301263e+00 3.520369006182107796e+01 2.922017002184685452e+01
2.730677360778335938e+01 2.633411716765190391e+01 2.089019073410015181e+01
1.702673021675841980e+01 3.253387392342908413e+01 3.792354226885267110e+01
4.398103793203206635e+01 1.112973779895116877e+01 2.626839280892707862e+01
3.324695607459201341e+01 3.016297225785557146e+01 2.204291108857414727e+01
2.258681958167510118e+01 3.527161709604626338e+01 2.566501241556822066e+01
5.092944963979336137e+01 1.735967115363415303e+01 4.047898750033598247e+01
3.710404810295540301e+01 2.930952084441892680e+01 4.077270879436579065e+01
5.053925969353363001e+01 2.751999530024293250e+01 2.403237074092790238e+01
2.098772770558066725e+01 2.428027038417579675e+01 3.742983177926102911e+01
4.503511886708405143e+01 3.337439681496431376e+01 3.622134182786437862e+01
3.091481161277456735e+01 1.694907972587330391e+01 4.197862309222698229e+01
2.433555479130335897e+01 1.105931603375579364e+01 3.471339370509360833e+01
5.130178923711526551e+01 1.678830606066500408e+01 2.282155479580599078e+01
3.976011403042133452e+01 3.151524079424611813e+01 2.400178081085066850e+01
1.385360701578296627e+01 4.419713211081710114e+01 2.350834734629258094e+01
4.431839821608902241e+01 1.923455900628217563e+01 2.141927157590307473e+01
2.816521916572870410e+01 2.090209792567672409e+01 2.030105582030077471e+01
1.908698363860957414e+01 4.971799837517464482e+01 3.825575232659809188e+01
5.197823407331387102e+01 1.055026472167086382e+01 2.435660522313015264e+01
3.970626554366782557e+01 2.451748986558520116e+01 4.218974174238141472e+01
1.320589592986328320e+01 4.949271432565672058e+01 3.609964252081816483e+01
2.928763857420586447e+01 8.978194272197420389e+00 3.527377181694444630e+01
1.201242971377437740e+01 3.562005895780384890e+01 2.185248582001348794e+01
4.905577811177823833e+01 3.321387287491734952e+01 3.257263572447457989e+01
3.875845440166196454e+01 3.532887549774340386e+01 3.055576068370895726e+01
1.065071167478198610e+01 4.009938385908944269e+01 3.978676191369404336e+01
5.397874438134804365e+01 2.688639248181844010e+01 3.406673401822330050e+01
1.352697583265824655e+01 5.082051320515120096e+01 3.106878441666087554e+01
3.692761458656902818e+01 1.362986526518911923e+01 2.696695286872608932e+01
4.891116253090282839e+01 2.433980535708148807e+01 4.072557652829004837e+01
5.210933384448819794e+01 1.840086643217924234e+01 3.346302237030634075e+01
4.837479974379816383e+01 3.280604931764653998e+01 2.755033775772182736e+01
1.849801983994724708e+01 5.151171295592943977e+01 3.279342961545076207e+01
2.631165703361941155e+01 3.458319989653811888e+01 3.734646468074738834e+01
1.859773065808652603e+01 4.136967293848834260e+01 4.005296946579316142e+01
2.474212598644588468e+01 4.551502022544921999e+01 2.809228638224904628e+01
1.883146002738346425e+01 4.996290488647815664e+01 2.507435463517579777e+01
2.657170322979517962e+01 8.394959775346800157e+00 2.804858245311438125e+01
3.524541440436809836e+01 1.498325824039116227e+01 3.789981215102930179e+01
4.473816329476331077e+01 2.535417266855718665e+01 2.130484787384027712e+01
2.067417130346591847e+01 4.489854335573598831e+01 4.301569539538606080e+01
1.988559568474016714e+01 2.629939851885220037e+01 2.791750092393598592e+01
4.425707658417641710e+01 1.034806974327643303e+01 3.839823975369125009e+01
7.386578451345483742e+00 3.362172892213060038e+01 3.452551336391113779e+01
5.190912246041034450e+01 9.815878484249815017e+00 3.860613683000495655e+01
2.234687369572258930e+01 3.960472403355034032e+01 2.369098963064985242e+01
4.677159056837972884e+01 7.723561167536365346e+00 2.444058759262998848e+01
3.592406367204200990e+01 1.891912792594433057e+01 2.079947505946499220e+01
4.492127917179464447e+01 1.459883541674771124e+01 4.070770549136095440e+01
2.824460120131347551e+01 3.091558362671870697e+01 4.044861968435781563e+01
9.492985559917697103e+00 3.195233436747973599e+01 2.712300608920857314e+01
7.294754619363096992e+00 3.939025091817754998e+01 3.112602989876582882e+01
2.759516462003467296e+01 1.284683298021311870e+01 2.891579997610617170e+01
3.064233211959245651e+01 3.697207352339570008e+01 2.673856625096787099e+01
4.998221736864293518e+01 1.093887535531510480e+01 3.344158586639272102e+01
3.299123766866520668e+01 2.130919685016040077e+01 4.269546262181015805e+01
2.202803395253367214e+01 1.946060525398108609e+01 3.496750284874850934e+01
2.251338256080203593e+01 4.804904203828964881e+01 3.454912026866626462e+01
1.803814200429533798e+01 4.229488504636118762e+01 2.305399652977727598e+01
2.898598322179278242e+01 7.740758708194351634e+00 3.967419416004246813e+01
1.874938776215189051e+01 3.284830608906942473e+01 2.587250304130520817e+01
3.289363697501929096e+01 1.413437577559229830e+01 3.337818464219485293e+01
2.455906538331769440e+01 4.077780652075678347e+01 3.813945885336902819e+01
3.784875937593898954e+01 2.778219203495490675e+01 2.143517292572575883e+01
4.249605998106987670e+01 1.363827392694538254e+01 3.016075833289541208e+01
2.333050546702509465e+01 8.909073048012032814e+00 2.408679151767206150e+01
1.475176119152802201e+01 3.059537299919148268e+01 3.470933855389375822e+01
4.905270659817603729e+01 1.428119767979379695e+01 3.016682062844584777e+01
2.224067108294462614e+01 1.346430488998550956e+01 2.309963345402277568e+01
2.759233473901613465e+01 3.785050052601442161e+01 2.984866965208985334e+01
1.390850097902342597e+01 3.046587954293746492e+01 2.917012579608710254e+01
2.396333085109899486e+01 2.175678283540927183e+01 2.137322667739074689e+01
1.941024064737783661e+01 2.677408108764946348e+01 3.399728555788792050e+01
1.046686508421229611e+01 3.602604409063882684e+01 4.107387062802825994e+01
8.878628115717614122e+00 4.135922709375427786e+01 3.499957241603536318e+01
4.368655833675978784e+01 1.434753147675250062e+01 2.358375447812984405e+01
1.214777012982918158e+01 4.048202391118779531e+01 2.272507315929102134e+01
5.355582609472010347e+01 2.247944395917406979e+01 3.326527321613062327e+01
3.470667118950853336e+01 3.559658620305425814e+01 3.683519043982288110e+01
2.081843356761677200e+01 4.536040454348810869e+01 1.988015695234777880e+01
2.776040377070825826e+01 1.477803242243307125e+01 2.030285892602469744e+01
4.127204635441320590e+01 3.382047137089480771e+01 2.692868135779530903e+01
5.465466497077485286e+01 2.652323569686142690e+01 3.012717564940095727e+01
3.974191497961290764e+01 3.156974512915807196e+01 3.876675643947850602e+01
4.125085152775456976e+01 1.929369780135115064e+01 4.182974061338259730e+01
3.114756010892280713e+01 1.162625513622553264e+01 2.305119082252064544e+01
1.926263309154508363e+01 3.105131073782022355e+01 3.501652916563726592e+01
3.214288707846134940e+01 1.994712699203281758e+01 2.046347726346399654e+01
2.210306380451632791e+01 1.794623442089544696e+01 2.483947487678215538e+01
4.688168957350315225e+01 2.990905158163643662e+01 3.945855875749278141e+01
2.853834871141385321e+01 1.147000653942158621e+01 4.207331214510043793e+01
3.237347483876936849e+01 3.013774218627779788e+01 4.086834156415325481e+01
1.582180436720047290e+01 4.841986913154753580e+01 2.287948661074752721e+01
2.955572548748479278e+01 3.671798050479861786e+01 3.629355470036995257e+01
2.253225437246899077e+01 1.276740590162585143e+01 4.048204789997846120e+01
2.216860426747407686e+01 1.925501685274985064e+01 3.938698138330246934e+01
1.061630275563697978e+01 4.342850326877692169e+01 3.774515216708454801e+01
4.565708618981817324e+01 9.521039978196043307e+00 3.450609688484006909e+01
2.693379995067587984e+01 3.066022161350421982e+01 2.266401436072680653e+01
7.602402766594248185e+00 3.495268756319837422e+01 3.876063990151133964e+01
3.967925033582571359e+01 1.325737289056175428e+01 3.508849136594179186e+01
3.459569451675920249e+01 1.688067379914278021e+01 4.120982036029968043e+01
2.669114012039656458e+01 3.592698999174908181e+01 2.638738896114924160e+01
5.152277955169900281e+01 2.034416469600871835e+01 2.392215621445671658e+01
2.391308974888947603e+01 2.558039158499755672e+01 2.220373382314858191e+01
4.756836950527536345e+01 1.744101830168091993e+01 2.142274180149392748e+01
3.627588240056205393e+01 2.323583733636026238e+01 4.253066341413401119e+01
1.583771905336009311e+01 4.719098970047252806e+01 4.156006161232414797e+01
9.285195106584341218e+00 4.246015208727826007e+01 3.114228975879869310e+01
2.451240626713346415e+01 4.770455518676126871e+01 3.101065126159891605e+01
4.654495085175383196e+01 1.070275681291178493e+01 2.933773794899676446e+01
3.569041520799844847e+01 3.223712531146547633e+01 3.912088720100369699e+01
1.691252175474258834e+01 5.170746136648879343e+01 2.954237619859869923e+01
4.849354314326279081e+01 1.471680688713448504e+01 4.149652080324000991e+01
5.278825361551633932e+01 2.710020513420305122e+01 2.683379969804128962e+01
5.222241733400996111e+01 1.891686924108902446e+01 3.748757270867807279e+01
8.643705127330576943e+00 3.513934925146573107e+01 2.306271569338762717e+01
4.717061357895439500e+01 7.586712657231897694e+00 3.904289238798925510e+01
2.089289288989204607e+01 4.838983607373234719e+01 4.107482188343959706e+01
2.358964052078192708e+01 1.467024792318127879e+01 3.484464300120661306e+01
2.258879223009601134e+01 2.688323489939115518e+01 3.919264320178457695e+01
4.217912973937572474e+01 2.773930443276713476e+01 2.169963854015957239e+01
3.402987951153826884e+01 3.680902184827655077e+01 2.767063468001376592e+01
4.582236020315878733e+01 2.704844717010674060e+01 4.119290695969671390e+01
1.090561659219484092e+01 4.673327737728097020e+01 3.031012062828176568e+01
4.482772515343131658e+01 2.351061710101297919e+01 4.178547526048652117e+01
2.640706477207438496e+01 4.213319086524153079e+01 3.551333238798933678e+01
2.159124449389942058e+01 2.583039772417217605e+01 2.478343074780015343e+01
1.354759850788751763e+01 3.392420146793615032e+01 4.050774057416385432e+01
2.533366039339200526e+01 7.914019999362938762e+00 3.580079732568827922e+01
3.234885730846961849e+01 3.344011143417850462e+01 2.368859265662234748e+01
2.262739270672283709e+01 3.473766133828500813e+01 3.714525018435685411e+01
8.042863414374171072e+00 4.020068985927262162e+01 2.750933878944302080e+01
5.240033433642819460e+01 1.487550088993235065e+01 2.546967552009414248e+01
5.207770061180499965e+01 2.971967991581045254e+01 3.443846191433360104e+01
6.344535421698977551e+00 3.684500957746168126e+01 3.322242070045567175e+01
2.931035837022515267e+01 1.286348190691894544e+01 3.469435033637299171e+01
2.956934235882852846e+01 2.803372172834708209e+01 4.189864156363054803e+01
1.563458063286380373e+01 5.146994728993141877e+01 3.475374111434555857e+01
3.176948109428717260e+01 1.444023643643647326e+01 3.655429650839241873e+01
3.027954380338767137e+01 9.582994576327298120e+00 2.705810698599445274e+01
5.245951264227222310e+01 2.630267699978096729e+01 3.703564244412245898e+01
2.806509174432441611e+01 2.145693839463871910e+01 4.265343364687963401e+01
4.095582231598739753e+01 1.866060714116731845e+01 2.132695072631297961e+01
3.460250110419110570e+01 1.586713784740084421e+01 2.389771322772470796e+01
3.990535098030012762e+01 1.464319481301347103e+01 2.590056190464878938e+01
2.667049032888749949e+01 8.027147811977746628e+00 2.275044517305833836e+01
2.960439840759304531e+01 1.784824827199896191e+01 2.052751114251380926e+01
2.183599453783341104e+01 3.197704409698147288e+01 2.661423911242843943e+01
5.318980591589671292e+01 2.109430651053440187e+01 3.031596125091426330e+01
8.340417337210007886e+00 3.247926670883721556e+01 3.052977890125779226e+01
5.190529436504360916e+01 1.295363065953529791e+01 3.945381283041539433e+01
3.742798056838047671e+01 3.526593429185656703e+01 2.759651167746722678e+01
1.579406117605612181e+01 3.352209507212155870e+01 2.366053356610846947e+01
2.127652435801363850e+01 4.819366957118424466e+01 2.134883112471334954e+01
1.994850767052253104e+01 3.640753197484531256e+01 2.361569656782979365e+01
4.589860631653937162e+01 1.382944102694222011e+01 2.960435616297945316e+01
4.865930190680045087e+01 3.008098680763031751e+01 2.427883539717980810e+01
3.144743140043366836e+01 1.298845616865548003e+01 2.591287647469686206e+01
9.957841591916814394e+00 3.144682165604320545e+01 3.522863845233845126e+01
4.858879837819142011e+01 2.119129316193872370e+01 4.095532146919374128e+01
1.416136689005156235e+01 4.031309121605115564e+01 4.051732055900728113e+01
2.243617514171554461e+01 1.191257105464402777e+01 3.709124777643545201e+01
4.544521334095577458e+01 8.450173016533465642e+00 2.741656412449116331e+01
1.051429869267941619e+01 3.271658167642749504e+01 2.383629625952751496e+01
3.513393732620770038e+01 3.659191698913804203e+01 3.387097218197575899e+01
2.805608431049881091e+01 1.800682851272365070e+01 4.278083698236341093e+01
1.855127098588813794e+01 3.715252845729386166e+01 4.031532345436691855e+01
1.662509811106297519e+01 5.166382264433875093e+01 3.773241052372454618e+01
3.673112092332220868e+01 3.040881248657108316e+01 2.272174409400886930e+01
3.700212984273049699e+01 2.643155183162495447e+01 4.199741012995112044e+01
1.624789466032921226e+01 5.162528497971045738e+01 2.563761881960034827e+01
2.466467502763146058e+01 2.912213312197984294e+01 3.984294271543243582e+01
1.936897179985769668e+01 5.242900825762676220e+01 2.776212917945998271e+01
4.995077292420965875e+01 1.648811696771904423e+01 3.228805578171741786e+01
2.881709564475849916e+01 3.362502681182878916e+01 3.906024623012713448e+01
4.389447192635066131e+01 3.135529014489446098e+01 3.876001225904630587e+01
3.191610911114857174e+01 3.726082515580050369e+01 3.437190947842690036e+01
2.371289395196017935e+01 2.448765922537229045e+01 4.078065071539958097e+01
4.573328969260861498e+01 3.278315166612817677e+01 2.596240210164985740e+01
4.243600975800130470e+01 1.439395767822625061e+01 3.604881756232389733e+01
5.030333706036335428e+01 1.320569641803129812e+01 2.197953766082842719e+01
2.401773324506891782e+01 4.385022053731722735e+01 2.563997871432577824e+01
2.380727865862768766e+01 1.766888956661097154e+01 3.326106878472725725e+01
8.422790150225484496e+00 3.776271161869101434e+01 3.965286947546575647e+01
3.517533710578975104e+01 2.182822746358333177e+01 2.041195383690070031e+01
4.980349368062614701e+01 2.827213534761098046e+01 3.907565566495638620e+01
4.942831775802141436e+01 8.565567428559983654e+00 2.328549183822188340e+01
2.850394214422232508e+01 1.124001929200336747e+01 2.108707632316370706e+01
2.563865341516294549e+01 1.627427508040387494e+01 3.098706008201598650e+01
1.943186955745563438e+01 3.094158795006949703e+01 2.807934622852091877e+01
3.600646590537523650e+01 3.636476953714387861e+01 3.008352887989409652e+01
1.108674998879032714e+01 4.484276868603939192e+01 2.520303011711709118e+01
2.747001584744643665e+01 4.016603729571441761e+01 3.169350981069874607e+01
3.017535629874688752e+01 2.390742886388545685e+01 2.024853311344377005e+01
3.391398818753231836e+01 2.753029997913549920e+01 2.090569675529958360e+01
4.306442101016670421e+01 1.707632500066720027e+01 4.116783926380469438e+01
1.933549841091290489e+01 5.282762304047323454e+01 3.573754950349048443e+01
2.426512885502430095e+01 4.537680835274636593e+01 3.550050226950965993e+01
2.189482364269304071e+01 1.942649966676511752e+01 3.193121382607000669e+01
1.443334609202733887e+01 3.770928600024191013e+01 2.192725980367350047e+01
2.078093659145410754e+01 2.725776854173899721e+01 3.651741488240958233e+01
1.627738301336064453e+01 4.877773476082162318e+01 3.917173419169856174e+01
4.939686949950397832e+01 2.527504079214257615e+01 2.260224650234966859e+01
3.110283671435978903e+01 9.652835276558366928e+00 3.757276382314074681e+01
3.973223234251173608e+01 2.817084617708204419e+01 4.114845746898897971e+01
1.798816740283481863e+01 4.550410037694982890e+01 2.042355244612951282e+01
3.415496223195630421e+01 1.462980309980485671e+01 2.674225483241757217e+01
4.115781304182105771e+01 3.479250884594337379e+01 3.205911169071593037e+01
2.250634898703848563e+01 1.582472046250860487e+01 2.673061028466925748e+01
3.203804539434606369e+01 1.479817692471229407e+01 3.953574885782538217e+01
2.971154742076346622e+01 1.497344584574800841e+01 3.017018121255345875e+01
3.467296230631471587e+01 1.339359675462013755e+01 2.975940576664545745e+01
1.258619958193749611e+01 3.086318035678358740e+01 3.653542233152252550e+01
4.248813168555876985e+01 2.190088689266930544e+01 4.191889826234530148e+01
2.029904126233018147e+01 2.257529237487284135e+01 2.804615839915703646e+01
1.009291187923103195e+01 4.219706471601493547e+01 2.507697420104814512e+01
1.915679950297052514e+01 4.998275716725687090e+01 2.190320062162788162e+01
4.985918392851733927e+01 1.374062876512936704e+01 3.312561923972292988e+01
2.999885193896243507e+01 3.758728191650882167e+01 3.132923970153937887e+01
5.137443279453009382e+01 1.322446466733268267e+01 2.896752883219744135e+01
1.991239778887517886e+01 2.352420630623907627e+01 3.474457414441667424e+01
1.967343163598892630e+01 3.308414530584243352e+01 3.713284577811023013e+01
4.230877309087027527e+01 2.226374954634257008e+01 2.107389940230480363e+01
2.964513388495202761e+01 2.378196916294670160e+01 4.271869739586041703e+01
3.728051342030583726e+01 2.370139429714240364e+01 2.057809378005745771e+01
2.154744248714111166e+01 5.046538114626551419e+01 3.191730401012219431e+01
4.593248452981292473e+01 1.708100472168973738e+01 4.150092340879555053e+01
2.887314989296659462e+01 1.509968208489228836e+01 4.240070054444983327e+01
4.227976611518074179e+01 1.452161847851485987e+01 2.733980695331529631e+01
4.143341096408830992e+01 1.319971704896288145e+01 3.268475819302146590e+01
2.627252664265995463e+01 9.890512756248130088e+00 4.195255850425974131e+01
2.136298758536372944e+01 4.770672502365698620e+01 3.844036020374589668e+01
3.569114813898980287e+01 1.361060114446362235e+01 3.555455993860414310e+01
7.490861071637081814e+00 3.434726843172789046e+01 2.543366743711871436e+01
4.417324900250768849e+01 1.151709375387217094e+01 3.590786571201874722e+01
5.232911340043242632e+01 1.124840616755283307e+01 3.629258814815970169e+01
4.203626536240872724e+01 2.592301475298821245e+01 4.181272438057430918e+01
4.538255655531493460e+01 1.173612091810266378e+01 4.047529920884852572e+01
1.639496503544589956e+01 3.107823245063117668e+01 2.820784576340702188e+01
2.563750290335389792e+01 7.354264409251692669e+00 2.570033558081210856e+01
6.710375695054189293e+00 3.785868401472453115e+01 2.707687247351663018e+01
1.442448304942283599e+01 3.037250028408787017e+01 3.201076016805645708e+01
2.691191717608498735e+01 4.237282109400152308e+01 2.878368955983518518e+01
4.984061198515074409e+01 8.281844557705776211e+00 3.946851283937351695e+01
1.945665192975852875e+01 3.999409382615262132e+01 2.282025115673914684e+01
2.123465138681933695e+01 4.162937400689800427e+01 3.947894857322805251e+01
2.514055769517922556e+01 1.547224446835482148e+01 2.035489790222392159e+01
5.387510233212042010e+01 2.371096515384348891e+01 3.034167090462608485e+01
1.632702041329917719e+01 4.298293265920634809e+01 3.982080768132549053e+01
4.492667325208285689e+01 1.608083848334237942e+01 2.195947635852540003e+01
2.136949064516914731e+01 4.793084414942590854e+01 2.406354613271355802e+01
1.960816183844229244e+01 5.124904674828080431e+01 3.025587745239985082e+01
4.620663256469273961e+01 2.748114482685431526e+01 2.196015998534559444e+01
2.488665283676265716e+01 3.393774592728771466e+01 2.584234024816004904e+01
1.187910977977506377e+01 4.850680699307189059e+01 3.403176462307099825e+01
4.815063601622115641e+01 1.852449732871245658e+01 4.145672912975528845e+01
4.789108066788345752e+01 7.122710996408494921e+00 2.675988564587020946e+01
3.471977241093701849e+01 2.772619790986021115e+01 4.184433813976892225e+01
2.052035735650974857e+01 5.038991008287565876e+01 3.433400825746928575e+01
1.189528958206622633e+01 3.088759743607646158e+01 2.753647763604359255e+01
1.172466996253357863e+01 4.814046923657541299e+01 2.825230482114119468e+01
2.036524041599699331e+01 4.909303147957250957e+01 1.906406377389300033e+01
2.636205581419323352e+01 2.408704765031065165e+01 4.212205304803401873e+01
2.471886234497209500e+01 3.759387546032184702e+01 2.597762723581910294e+01
3.703851830694619451e+01 3.249723499453978093e+01 2.426259743371442568e+01
3.837030152250061121e+01 1.263408902560576763e+01 2.990368595137503149e+01
4.703053018333707769e+01 3.372316337964548438e+01 3.458177441550411402e+01
1.925820096388211766e+01 2.849215703733359462e+01 2.917519893139657228e+01
8.723860506870012799e+00 3.991585027298928168e+01 3.805405392152055555e+01
5.177273605953013913e+01 1.582797193342642572e+01 3.428701859204993951e+01
2.076013608593355997e+01 4.915364182761616263e+01 2.661110731863444556e+01
4.976830582342196152e+01 3.272597673843774402e+01 2.973066674305898260e+01
2.492248555652923159e+01 3.178735265337799021e+01 3.820915550662718374e+01
1.086288912467368917e+01 4.548500944448262828e+01 3.620454063814912615e+01
3.001527346307808841e+01 1.359930371964279772e+01 2.796204093719590134e+01
6.884711102663256810e+00 3.430247382080764851e+01 3.160988437131574003e+01
2.721883902493593865e+01 4.270629394640585730e+01 3.144814765768040843e+01
5.081255213283142780e+01 2.592494447268104452e+01 3.921361685098427330e+01
4.523413852645458633e+01 3.456461687111318071e+01 3.281792312899504793e+01
2.711206682916419197e+01 9.846345848582327420e+00 3.425429661161693673e+01
3.154403873488952925e+01 2.843826632012591205e+01 2.114998013125839549e+01
5.231500134701511229e+01 3.027049243729878825e+01 3.182355796814362137e+01
1.890419405684392018e+01 4.657775969926070303e+01 4.454623924431389526e+01
4.543007957173603018e+01 3.405446908889106794e+01 2.812742057017927166e+01
3.242372772185809993e+01 3.579952833802261125e+01 2.538012025774767011e+01
2.250362290528703468e+01 1.528115951142252626e+01 4.075076626108420896e+01
2.060432070453938636e+01 2.108945238101026121e+01 3.015660848155132712e+01
2.490325214924859409e+01 1.233351805211036556e+01 2.878574231718251752e+01
4.492547956251594599e+01 8.227015390551231988e+00 3.721856843517603863e+01
5.137866229941070628e+01 2.517460263178850610e+01 2.427881240020647269e+01
5.010425748293531001e+01 8.634038322469546500e+00 3.439921394905802288e+01
2.108850124025924089e+01 4.176417585043728309e+01 2.348072401719112534e+01
2.038356076313430165e+01 3.503827149205267233e+01 3.849914756423101636e+01
4.754170805275322209e+01 1.549478431077611340e+01 3.172657148457142995e+01
2.653185900756107074e+01 7.155925424824852499e+00 3.893655788585658684e+01
2.182775998837972153e+01 2.242899474024483908e+01 3.885019127201390887e+01
2.427633419252614289e+01 1.135481082599260105e+01 4.191286981542589274e+01
5.231505713474089703e+01 1.595600045538831857e+01 3.749181404453530320e+01
5.150965820010561913e+01 8.531747240553901435e+00 2.570272396623546030e+01
3.669134606617253525e+01 1.503656738221884304e+01 2.495546038116158627e+01
4.316088680670856093e+01 1.442003654765048992e+01 3.899608597009031996e+01
5.249565346512050468e+01 1.942278722211538522e+01 2.848077854297894618e+01
1.692250617012528480e+01 4.509101309853915751e+01 4.090648883995742580e+01
2.098218365444452616e+01 2.157299590771072673e+01 3.575194159660491522e+01
4.441746010642131637e+01 1.118627291936085655e+01 2.386689970093837232e+01
2.920238905243366290e+01 3.745371679771736240e+01 3.399486499221834634e+01
1.886952424876661638e+01 2.650315268176770900e+01 3.164135860615691342e+01
3.271443693512007655e+01 1.891764422754910768e+01 4.234952638413628279e+01
3.490836375609583797e+01 1.313892465085443817e+01 3.223469952500745705e+01
2.779560999497854112e+01 2.329748494239107615e+01 2.048930364521379488e+01
3.930229408091048526e+01 1.785584785673037089e+01 4.167796181463741334e+01
5.173463226260282966e+01 2.103521687220407799e+01 3.855798049211068701e+01
4.096833552544799772e+01 3.424962997177446766e+01 3.487941013029313808e+01
2.413720265854232494e+01 3.662658655240472427e+01 3.713423307160538656e+01
3.833204627934814823e+01 2.198078065631056788e+01 4.233777872587810265e+01
2.281079660821540145e+01 4.657421289954160670e+01 2.709883861130343519e+01
2.399598767528926047e+01 2.220641588792304333e+01 4.152299283967425225e+01
1.347967360776880952e+01 3.389201390605656172e+01 2.267256820512193016e+01
2.069651587080175403e+01 2.830358403939055023e+01 2.689924676526722536e+01
2.594735912308867043e+01 2.002072301661756271e+01 2.041036030554557712e+01
2.661647361046819071e+01 1.066986973630888258e+01 2.891254778622040078e+01
6.776204047696280597e+00 3.530726310794746325e+01 3.609327951750685770e+01
2.330617146706179810e+01 9.676161809756372634e+00 3.633515948820045338e+01
1.481804069456265438e+01 3.219072997456002128e+01 3.870070302858669464e+01
5.202183396743691901e+01 2.240270664979052384e+01 2.496987302831132638e+01
2.665898604779331293e+01 1.610247954397307524e+01 4.285484176839291592e+01
2.705652792822274577e+01 1.512901142746506089e+01 2.948873687993134141e+01
2.478777838395430422e+01 4.030690044256596138e+01 2.502005635230671743e+01
4.233187558988539934e+01 2.546659793937361727e+01 2.111705913756414787e+01
2.992916834095795764e+01 2.002966839131735455e+01 4.272011487457289292e+01
2.276384982457583206e+01 9.512556665333352868e+00 3.875479169331958929e+01
9.685325085323119865e+00 4.326124126142177317e+01 3.330726230823096046e+01
9.339388202851035103e+00 3.351525924802699308e+01 3.948881139623247805e+01
1.853632945492305240e+01 5.227952600739753564e+01 2.513851017766888418e+01
2.240780429828081566e+01 2.156826894460188981e+01 2.310517256642079076e+01
5.034090138842741879e+01 1.186069693186212248e+01 4.079543389415432841e+01
1.667973104949417618e+01 3.578204408753181553e+01 4.052682185503350354e+01
4.171855724249160602e+01 3.237550989140730451e+01 3.783916791385411216e+01
3.110164091306539902e+01 3.746918441071443340e+01 2.928729041517026133e+01
5.232945692010700611e+01 1.107688212999577004e+01 2.659241506685170719e+01
3.408149755612883069e+01 1.702767083399883319e+01 2.196145384057865968e+01
2.875809535669841566e+01 2.593697102015760692e+01 4.244408228761110280e+01
3.483046862097216945e+01 2.503743570834366139e+01 4.254511469049832328e+01
4.655338618359408542e+01 9.639752825653413737e+00 4.036522675970953600e+01
2.791964816214414924e+01 7.406572710178086716e+00 3.626958037052720840e+01
1.870292601442794478e+01 4.966436672438406674e+01 4.185048891093121881e+01
3.176230040519986630e+01 3.639935613465333830e+01 3.688550337297405690e+01
3.181033220049413401e+01 1.768547446195699990e+01 2.117667888929624809e+01
2.178621338582043165e+01 4.631882344765595150e+01 4.151024880086180247e+01
2.357246190806271002e+01 1.084063144335788031e+01 2.186872153379682260e+01
4.539148020675033024e+01 2.125876322805139651e+01 2.133824611798379678e+01
1.914944603870940654e+01 4.651101197804714360e+01 1.873019660823866772e+01
3.714858839664315582e+01 1.721290754502216913e+01 2.170297967912240722e+01
1.628403486933412481e+01 3.571333401810345265e+01 2.248297770818827246e+01
2.306953536951620620e+01 4.792980157330464408e+01 2.891347008647054651e+01
5.208418790503054652e+01 1.328097416222108862e+01 2.387154356597819316e+01
5.079306042106278340e+01 1.960442310240676633e+01 4.011504138708035327e+01
3.998658365683321847e+01 1.346458790628825497e+01 2.784011113658326764e+01
5.026028777798931912e+01 7.399546303850639717e+00 3.707998272668955764e+01
1.462323887888815932e+01 5.052363110714891548e+01 2.688433184597685610e+01
2.120827862314802559e+01 4.778777299025327352e+01 4.322856681531274603e+01
2.000859573356056487e+01 4.366513665596618665e+01 2.291714947282266834e+01
2.291941786737832487e+01 3.760962432089858964e+01 2.461893972364090644e+01
1.454450903946678864e+01 5.116692516233601395e+01 2.908940429149028262e+01
2.268634521955377892e+01 1.649326774431623122e+01 3.580251236522471459e+01
1.716617937149556283e+01 3.888691678826046427e+01 4.065464609403157681e+01
4.690951445214755466e+01 2.486191021270013124e+01 2.158328913690538897e+01
2.730512818523060048e+01 4.136788849253112232e+01 3.360600676301837098e+01
4.328016631865902042e+01 3.085693963949828600e+01 2.358794206298622598e+01
4.182564302058733574e+01 1.684832361112146160e+01 2.230827724566955794e+01
3.724185914747030779e+01 1.419114802993595781e+01 3.731773684250455148e+01
1.174468493510952882e+01 4.863212299121224902e+01 3.181542142017374886e+01
5.049104173195853207e+01 2.953410211950862418e+01 2.541481270189027342e+01
1.231222795818622551e+01 3.836169307238105830e+01 2.208040504581657615e+01
1.429503789299970151e+01 4.748860421057297287e+01 2.419114345924307941e+01
2.906998569547499756e+01 7.877398333553479404e+00 2.633291074508980500e+01
1.854162937904154163e+01 5.272751054082001332e+01 3.794314164319321492e+01
1.592955825818856574e+01 4.292784903248574579e+01 2.307267301171856388e+01
4.355655363854975803e+01 1.401527231842718102e+01 3.205221907039626217e+01
1.713790397642490859e+01 3.139439888663608613e+01 3.544924242642197498e+01
1.995453379041438424e+01 4.390127371481538887e+01 4.120285687486560278e+01
4.765071185332593018e+01 1.366980125316723438e+01 3.293267421484808466e+01
2.171198823684509449e+01 1.993371331709260375e+01 2.866389460573232384e+01
1.618848343010819235e+01 5.270317457070454736e+01 2.769525686356220362e+01
1.006495845036932124e+01 4.450080824914748234e+01 3.118704287339649284e+01
2.096180585255832085e+01 2.068610500651949380e+01 3.351031542760462401e+01
4.699036622178294209e+01 2.358450269677327427e+01 4.142657906435388071e+01
3.221425380037140940e+01 1.473222817796148121e+01 2.486587620822194111e+01
5.173028876204926263e+01 1.556791114290049372e+01 3.955726027574214498e+01
5.234922591635915268e+01 2.817702368776312483e+01 3.593191007974769491e+01
2.272709365703136086e+01 3.906288561447933461e+01 3.912154810106916614e+01
1.759071477273952766e+01 5.291908187028944610e+01 3.447257151587318447e+01
5.007660535829592163e+01 3.170115385634717597e+01 3.526439083563103338e+01
2.655956327015569585e+01 3.878529598602224837e+01 2.785978724312942845e+01
5.154158879510930547e+01 1.296576167486953857e+01 3.431009144840570002e+01
3.879884971584287001e+01 2.218630768652379714e+01 2.072265151379114911e+01
4.784743606995597531e+01 1.074953142768994852e+01 3.328242209398936780e+01
1.513930899646286399e+01 4.627532617707527862e+01 3.970044797264005609e+01
2.962688207917781824e+01 1.491447314604631558e+01 3.414730654117207109e+01
2.715008201931949827e+01 2.916709650444701651e+01 4.103078108199936480e+01
2.177189413742494750e+01 2.025884795100999369e+01 3.753563318299501361e+01
1.663148284803985177e+01 5.378770297149582547e+01 2.509522700972335940e+01
3.478401478376027001e+01 2.014618809102098851e+01 4.254314070718015728e+01
2.218627161534411485e+01 1.783209271484559366e+01 3.738850951992411353e+01
4.337098627043829424e+01 1.981580878455466888e+01 4.175354118807085513e+01
1.833248282701510590e+01 4.525855263433509634e+01 4.297175781980829612e+01
3.917420458348949808e+01 3.416221625536516626e+01 2.678433802788421403e+01
2.800743964201950575e+01 3.766682952226560133e+01 3.224560715918009635e+01
1.166106149064411746e+01 4.715053329424884510e+01 2.637035080602020543e+01
2.255306941710367852e+01 1.078178760166928463e+01 2.553576519470940909e+01
4.006500906157060626e+01 2.765978045795515783e+01 2.153061294743022103e+01
4.350224457615162521e+01 1.325204679110403205e+01 2.539117513245662394e+01
4.389161527297397214e+01 1.243933856560633444e+01 3.881186542682452512e+01
4.540908574433745315e+01 9.318082039823933016e+00 2.373624194208926497e+01
8.245156241466032654e+00 3.254503954061422633e+01 3.264552617183584715e+01
5.060091646089292539e+01 1.636650764528074475e+01 2.998380845776773995e+01
3.072340528176772878e+01 3.231600860121359631e+01 2.293276316825937755e+01
2.629318280855979850e+01 3.097461464312137025e+01 3.963343243178140796e+01
4.790945016324943140e+01 1.097702325962089809e+01 2.197194054290016396e+01
2.241531746688300331e+01 1.545919451563619340e+01 2.242954595286700936e+01
5.190826292729329339e+01 2.925256764537209264e+01 2.732853990118443477e+01
1.728501972209701520e+01 3.401155498208286332e+01 3.939813090107318061e+01
2.644563970430522204e+01 3.330189249445833610e+01 2.458284318816354741e+01
3.096907015610696590e+01 3.198397625459039162e+01 4.010090606632056875e+01
1.927007834670959596e+01 2.483338163414653366e+01 3.321129511481050400e+01
4.952848425413189659e+01 1.675257941279788909e+01 2.169873956453816888e+01
2.318164748942961495e+01 4.913575321831478249e+01 3.176629379856118973e+01
4.105640101528157970e+01 1.607289865739733514e+01 4.015384041536692905e+01
2.498050499124300572e+01 3.090461510699820380e+01 2.401119499157262638e+01
1.179881825899255432e+01 3.065581007139492797e+01 2.961041843907790039e+01
1.972271027823356704e+01 5.040067003062359419e+01 3.626084350683359503e+01
4.724118438913436080e+01 8.223951011181625859e+00 2.844795420748140202e+01
3.094555020177850224e+01 1.474656847131312176e+01 4.130725166640455370e+01
2.392737490469079376e+01 1.555935280056831438e+01 4.224299728982407487e+01
6.948872497356180844e+00 3.882669709485139720e+01 3.323219850854558644e+01
1.449502501109770236e+01 4.830485799063584551e+01 3.824041314153079441e+01
2.311845199886797531e+01 1.941420216108196684e+01 4.120958272190570426e+01
3.021804867952831941e+01 1.246205997859906489e+01 4.141274738008100087e+01
2.835273766081981961e+01 2.808912712006448942e+01 2.114981544735953989e+01
4.131099263980896552e+01 3.015796173052346063e+01 3.979981078741471379e+01
4.899239128511511154e+01 2.682186512740297601e+01 4.028367595260657197e+01
