1.821552041479709416e+01 5.490242296225230945e+01 3.639927329040089177e+01
7.597612618537178619e+00 3.982484712160207607e+01 3.104488509121851081e+01
3.019879893616467825e+01 3.559875913450208174e+01 2.506876625395056735e+01
8.308541330255289736e+00 3.287333182680244192e+01 2.685576461512171420e+01
1.508806688105981664e+01 5.152448117465733191e+01 3.201823564712931613e+01
4.652446995280642028e+01 3.404793352893271674e+01 3.404090614513128088e+01
5.218261075821637007e+01 9.694534756187501046e+00 2.561805805153493054e+01
5.184090897673872433e+01 1.185133094831273581e+01 3.482580253432139017e+01
2.603397616821640526e+01 1.364101547515478430e+01 4.277268358255276581e+01
4.466474202014188677e+01 2.560502688813475203e+01 4.163839270954316163e+01
2.212679101738998000e+01 1.895520413165823825e+01 2.598309040619595933e+01
2.464755053852831423e+01 2.981742363083257175e+01 2.348575733274923039e+01
7.856225034034057586e+00 3.489981141003111986e+01 3.915146524549184903e+01
5.043855108342219040e+01 1.624352701843760727e+01 2.210609216004842281e+01
4.505330847332594146e+01 2.685543250751632982e+01 4.131510063617785988e+01
4.223575591961250097e+01 1.594992308336400555e+01 4.022529048963851039e+01
2.485364698918947823e+01 4.155837123912957765e+01 2.519606167132016594e+01
2.210558381357883206e+01 1.770055708837884012e+01 3.808576710894608652e+01
2.374617632379157328e+01 1.631260863674413031e+01 3.450523780137533691e+01
2.525316929983452852e+01 3.093059832404081533e+01 2.384513945230704479e+01
1.715553498675458144e+01 5.265677715105113066e+01 2.860607303763162790e+01
1.040944717059935876e+01 3.109062734520854576e+01 3.305592409060194115e+01
4.583248587742774305e+01 1.830750217971742799e+01 2.147795839499693926e+01
1.898848654649010115e+01 3.053724644739177663e+01 2.875801857628960789e+01
2.999847525963814832e+01 1.147003667495194001e+01 2.781022483965465142e+01
3.922929268366545585e+01 3.515860409051870761e+01 3.041830623198897143e+01
2.809469359533217769e+01 1.743609793799039664e+01 2.030621281945374079e+01
2.578705138303043398e+01 4.493343865351870647e+01 2.918908127867226199e+01
3.618590859920114156e+01 1.788361756766147082e+01 2.124056953895020783e+01
2.047905491330944727e+01 4.829047590606504770e+01 1.854443756377511221e+01
3.308482482169581829e+01 1.572503490368983670e+01 3.964092475578910069e+01
3.075596202412001290e+01 1.178378410860995373e+01 2.248740122147836473e+01
2.509232883421200810e+01 2.448239123452743371e+01 2.134948878048541587e+01
2.327289307232561555e+01 1.541095852343610950e+01 3.508681478563949696e+01
3.535704561615874297e+01 3.147483749444833023e+01 3.970782704394218854e+01
2.218033646384608915e+01 2.634895211201054721e+01 2.409488834170771554e+01
2.870446102718050696e+01 7.487818361064773498e+00 3.925912536272088005e+01
4.407862762004563706e+01 3.481330334790355607e+01 3.101295110309960279e+01
1.446358428080100111e+01 3.049742738303146794e+01 2.949002254966245573e+01
4.462491223649681871e+01 1.214986650090577314e+01 2.814202482007809181e+01
1.018164168431762739e+01 4.240577224283573798e+01 3.771043705396525780e+01
4.649198729680959730e+01 3.059512760982340751e+01 3.898196478903432904e+01
3.088888620093894133e+01 2.762643378275577533e+01 2.078015622143902164e+01
2.850898642786485127e+01 3.750712446326221539e+01 2.894725203832910410e+01
4.869018117417919456e+01 1.012561834846100695e+01 2.954973773349893662e+01
4.526529966164399355e+01 3.466145162271951818e+01 3.215292659050216173e+01
3.774556167037866317e+01 1.336210555523480359e+01 3.587909754201152879e+01
3.164695814795115680e+01 1.457718994994438688e+01 3.305599874753364986e+01
3.327687337740358942e+01 2.271146036846408833e+01 4.277697787380557770e+01
2.399692621422173389e+01 3.201615715047603317e+01 3.748349485598878061e+01
1.510835547635858944e+01 3.560055519350485298e+01 2.224639566071856933e+01
4.646444333564427609e+01 2.521455216104142139e+01 2.151381117668432097e+01
1.476894726226054644e+01 3.909820614970486474e+01 2.215309759965056813e+01
7.820585714172779035e+00 3.337796383120803512e+01 3.699411044178550867e+01
3.907787310744480180e+01 1.403292901779391499e+01 3.692216299879002150e+01
2.256244991754029172e+01 2.209953641063599861e+01 2.289135895854562364e+01
3.792061373686468073e+01 2.308814859472104786e+01 4.240214657323764413e+01
4.208809749374633213e+01 2.126677611863159711e+01 4.190597957369595861e+01
4.354489985025684717e+01 3.460878484050709858e+01 3.324130008568879191e+01
5.013938984970307899e+01 2.117057919862115511e+01 4.025787943099901156e+01
5.245108704330439053e+01 1.239451592936728908e+01 2.617120180252497619e+01
4.300819864237262635e+01 1.380039213093405159e+01 3.271136222837797902e+01
3.468337351082431042e+01 3.600740811043702649e+01 2.649652509989211424e+01
2.990911443436693418e+01 3.671131901805962627e+01 2.637469080200038007e+01
2.531298912828400205e+01 1.608942932420176319e+01 4.273660493699993168e+01
3.144946393363495929e+01 1.252475746983956562e+01 2.344696707881822206e+01
3.428133646270185153e+01 3.601001256737846035e+01 3.648895674864455430e+01
1.863449031234598863e+01 4.828258581247818881e+01 4.459554840383592023e+01
5.020205129766152652e+01 3.254763791957815755e+01 3.148351572264278531e+01
2.131151384208609301e+01 4.930456444229076851e+01 3.466764343538967807e+01
5.177899112937541304e+01 1.856648780818557398e+01 3.151303512650980565e+01
1.965318229208399714e+01 3.553816967298253360e+01 2.394117998925365853e+01
2.349216463674093802e+01 2.654822236525907897e+01 2.274379035454455433e+01
4.998397797653589691e+01 2.724238832286614809e+01 3.948498286242947586e+01
3.459070360531694632e+01 3.673839814099282108e+01 2.815573876496918260e+01
1.558959640066918162e+01 3.536551770019232777e+01 2.244575622319175068e+01
2.734027988824968247e+01 1.257079303233863499e+01 2.897472044747432918e+01
1.385294825193655655e+01 4.424707440395590652e+01 2.351953349167212082e+01
5.257129477118729710e+01 2.749235457660784121e+01 3.614024733048638893e+01
3.270571682759377552e+01 3.734228766945111033e+01 3.233840171029467569e+01
3.942640785484917387e+01 2.408302865239102886e+01 2.075778408560931965e+01
2.768595851396983676e+01 1.472267474715183155e+01 2.029496275660755700e+01
3.852160308458071825e+01 1.287021229696570757e+01 3.440323179842767587e+01
4.203126775584978247e+01 2.153653557122377293e+01 4.192948033899434535e+01
1.745971545722760609e+01 4.960612001514546421e+01 3.844274538455548651e+01
5.351895685674482195e+01 2.208824340354989957e+01 3.287140898738452677e+01
2.905782923313257271e+01 3.752093686805162775e+01 3.327289675178931105e+01
3.506539050353008236e+01 3.674664028259294923e+01 3.188773460590580555e+01
3.365796617439382032e+01 1.808269515047372167e+01 2.115487139332112321e+01
4.180323782186098924e+01 1.592060475793599394e+01 4.008797280259632601e+01
3.055334911045272861e+01 2.770130309927415624e+01 4.205055696041784330e+01
2.161276226915607168e+01 4.498282303507741631e+01 2.189369243483660910e+01
4.765294114664338565e+01 2.865565576726227448e+01 4.001964214124355124e+01
2.960353604239633185e+01 2.294075985281402552e+01 4.272778806219780989e+01
4.539659289541295095e+01 1.633102111606829965e+01 2.180712687982723352e+01
3.090228107277743419e+01 8.961070818466840393e+00 3.817271833147403015e+01
9.918914575173451098e+00 3.134417678467685775e+01 3.125606399550478898e+01
3.700429529257647943e+01 1.502191244402714432e+01 3.841242412213299673e+01
4.303525165959662502e+01 1.781631876193232245e+01 2.171342007392290085e+01
3.872699768372518747e+01 3.111842120155671410e+01 2.351454320618730520e+01
1.609316749829358884e+01 3.369015859677470814e+01 3.959587778284770820e+01
3.949424282348709880e+01 1.976582885976424819e+01 2.096665838110470048e+01
6.643036545826500827e+00 3.501188942387579317e+01 2.946387085290812280e+01
1.601627058944066562e+01 5.168275904039995083e+01 3.166337878622659119e+01
1.991619266769357210e+01 2.443056193154910360e+01 3.514929960478323778e+01
1.087225562181875205e+01 3.548181612443061539e+01 2.197047527474133943e+01
2.010886438771153095e+01 2.907843299535683812e+01 3.500793693339108614e+01
4.743455802742277427e+01 1.545440386966271262e+01 3.193545849075410459e+01
4.746516165722942304e+01 2.907607310952278112e+01 2.300725595673432977e+01
2.101270615233537598e+01 4.853097760319096921e+01 3.653070056938317833e+01
2.463321367949308893e+01 8.925335892870757348e+00 2.241552935845764694e+01
5.053860373120014771e+01 1.467690617152355159e+01 2.213709115799348481e+01
2.097139757135982663e+01 3.525193103184098931e+01 3.830308832699942911e+01
1.907694848986817604e+01 3.001945150843076604e+01 2.899945403776816377e+01
2.731399802228507667e+01 3.978133473090838379e+01 3.328433672655734199e+01
4.680943662348478540e+01 1.387857100421133438e+01 3.303598821195109281e+01
3.509735603993166109e+01 2.394187699325435759e+01 2.035370429932926584e+01
1.347675372532716764e+01 4.918895510664373205e+01 2.593584162929602854e+01
3.265824428856564055e+01 2.943239263145139262e+01 4.121666525426246608e+01
2.481726382366985462e+01 2.969326244780533131e+01 2.326789580124436441e+01
3.250067023700753310e+01 3.584634129055221763e+01 3.739033774835111501e+01
9.027422900161548469e+00 3.975251985572548108e+01 2.409479362313982875e+01
1.607101010777509131e+01 3.361469517745283753e+01 2.367759380877429010e+01
1.908386246024507571e+01 2.766805308374968320e+01 2.962909865616864380e+01
3.602694148480946978e+01 2.818806248233941858e+01 2.141960062238709739e+01
2.058800814194615114e+01 2.295927940877795592e+01 2.692298972647839506e+01
3.481911091470041697e+01 1.760237070679578153e+01 4.174687006603373618e+01
2.613377876360484109e+01 4.170280992190731695e+01 2.673346465200694766e+01
3.819620773403032388e+01 1.724000829224876696e+01 2.175294483881412333e+01
2.139365356448071509e+01 4.501503383035876737e+01 2.115661946136160765e+01
5.218309215204363483e+01 1.644643639966086113e+01 2.758047677882836268e+01
3.599745770197691996e+01 2.289371452297942966e+01 4.256313060394319336e+01
3.207006173156403861e+01 1.836346059264421626e+01 4.218703870640818110e+01
1.145934568196771330e+01 4.796886765108595796e+01 3.096147129781408935e+01
2.380613596279427213e+01 9.180809827723271255e+00 2.281332282152417434e+01
6.970248666964943496e+00 3.855048591080080911e+01 2.730061552378036893e+01
1.900088340622418670e+01 5.338180586693701457e+01 2.560989852480566142e+01
1.612974966226275342e+01 5.265511838238992937e+01 3.752171102135635294e+01
2.844730383267484086e+01 2.415840686903352363e+01 2.043211483244755655e+01
2.668834719507549025e+01 3.823726909246511241e+01 2.828322362314858651e+01
1.484246002403231479e+01 4.436268229265630936e+01 3.954907844174172737e+01
1.883670450852577005e+01 2.664387461802930090e+01 3.156616508247277153e+01
5.103820913772317169e+01 1.487968757327148772e+01 2.949422576207614455e+01
1.763499129173077407e+01 4.899448146192435161e+01 4.338967981515219208e+01
2.288944091450086660e+01 2.328590016456288581e+01 2.258787659740251996e+01
5.223720935797808806e+01 9.840253756226131188e+00 2.567366281549875140e+01
1.658122938450486572e+01 3.072939858680346248e+01 3.274406386876697184e+01
3.179005630504283531e+01 1.479778022067597654e+01 2.769325759414125443e+01
3.697602581177351766e+01 3.590261145428797107e+01 2.915293478120732118e+01
3.453256041086839900e+01 2.290066578403084563e+01 4.271834066887889492e+01
3.078022718241648903e+01 2.014032684902019099e+01 2.034455259881227818e+01
3.138500415347546024e+01 3.670264928970787111e+01 2.631925787953708351e+01
7.689972571259276357e+00 3.993549815057231456e+01 3.221240412276379317e+01
2.254598638609882499e+01 4.576052818516646425e+01 2.532657849733362809e+01
5.436412536333003231e+01 2.463683186907213241e+01 3.214076462139652790e+01
2.856327873286989671e+01 1.271881359674408429e+01 2.863132892914295624e+01
5.277731895052291122e+01 2.068195816558198885e+01 3.508137579352337809e+01
1.790689758564949585e+01 3.413175206174415166e+01 3.918413933915192615e+01
2.732295497207591950e+01 1.167380632743183000e+01 2.066973927172643855e+01
4.425588491130560698e+01 3.368813947180768764e+01 3.579321633584399365e+01
5.173163221583835991e+01 2.503607027730172163e+01 3.827926758196622359e+01
2.231463007780124386e+01 1.172933572229265486e+01 3.772516189062803704e+01
2.089514939905506097e+01 2.665825895138157620e+01 2.608616775320760084e+01
3.484717099621020253e+01 3.037005899714998236e+01 4.050039293145150054e+01
1.549272556411209045e+01 3.076459739074261535e+01 2.875802146433192874e+01
2.207605706136711277e+01 1.396223939446561779e+01 2.521587889581924813e+01
3.847231126046597893e+01 1.331627071638392223e+01 2.756894309438289525e+01
5.180943583536853225e+01 2.190302238520424538e+01 3.838566464422301294e+01
1.213267732514758990e+01 4.938486903062732836e+01 3.141079165162766174e+01
3.863751167006599019e+01 3.119023726243701233e+01 3.923746467092899337e+01
2.340678837607215712e+01 2.913434729938894918e+01 2.405945779499896986e+01
1.954839474171388147e+01 4.100031428607807271e+01 3.995798052251011256e+01
6.900026241015796202e+00 3.849524293385949392e+01 2.762671914420949548e+01
1.558756077985324495e+01 4.679765842968598122e+01 4.084049010203137442e+01
2.635730934688950100e+01 7.187081277404721469e+00 2.575036961520849133e+01
5.049379771841979192e+01 8.381279400599613183e+00 2.796703978227636611e+01
2.205271229894752949e+01 1.509597143461000357e+01 2.364684978456061515e+01
2.709785859467565672e+01 1.375836413026918592e+01 2.910470539003310364e+01
3.248190904739945495e+01 2.474042555110560215e+01 4.270824883859340559e+01
2.596469211811322353e+01 2.706058264534281221e+01 2.146912101598927336e+01
3.198194378804014804e+01 3.647988212869592672e+01 2.601669834926176961e+01
4.959642863844725014e+01 1.462568834359797165e+01 2.172922932348707903e+01
1.048493223118965645e+01 4.542089969190668342e+01 2.912702002230170706e+01
3.432391720924651679e+01 3.698473574454393997e+01 2.970373317658864210e+01
5.193972367784872546e+01 1.197531577975582096e+01 2.391306206020699676e+01
4.081959982790218078e+01 2.582530879561187120e+01 2.106033549172781250e+01
2.295435107086159121e+01 1.847781790000196622e+01 2.183673945071105749e+01
5.278235542373145961e+01 2.852890271810694856e+01 2.823522456148279502e+01
1.449342189575091844e+01 3.755442650354905965e+01 4.111867019230530218e+01
3.112653858745428437e+01 1.478575106442854725e+01 3.514147066685277565e+01
3.026974361066770314e+01 1.052874561737997006e+01 4.080237040116726632e+01
4.602124564694036479e+01 1.076480690096290616e+01 4.057277282251170192e+01
2.528731580053982242e+01 2.272444099523025329e+01 4.197467544162727648e+01
4.538310638923813656e+01 2.422683222592427654e+01 2.129379026822843812e+01
3.901035005434020775e+01 1.779710508381620926e+01 4.166905956473237893e+01
1.220060743779422552e+01 4.923068943563669109e+01 3.343401656735952798e+01
4.412109890218869168e+01 1.127905320892213936e+01 3.877725393848628244e+01
2.037495531842556318e+01 4.921066712032983048e+01 2.266593492135836385e+01
2.194476804752935806e+01 1.989202550312484163e+01 3.833337622454746452e+01
5.466613500663746095e+01 2.655649565179038873e+01 3.021485979113950293e+01
3.173782539409171477e+01 1.959253597249497147e+01 4.257144153915404416e+01
4.236005384320634448e+01 3.376120633559383322e+01 2.696517920936342350e+01
1.990086548875084560e+01 4.942514446153190022e+01 3.871466673678455095e+01
4.716677642792619451e+01 3.407248067840089334e+01 3.309245615765646420e+01
2.228672261510661556e+01 2.111409713348817263e+01 3.967018365219543341e+01
3.157958388442013131e+01 1.395404271579253219e+01 2.586334251471213008e+01
1.506363675980483663e+01 4.987232476235443102e+01 3.698605777679815532e+01
6.802537053078886231e+00 3.455297854495965026e+01 3.323078278607421510e+01
2.088828223910940807e+01 4.739431953789105023e+01 1.870745455514326139e+01
1.763793360933320287e+01 5.366380678771658097e+01 2.823101618394582957e+01
4.513207717260308272e+01 2.825410581763548379e+01 4.073726216841590997e+01
3.021820887878251582e+01 1.623442467879276307e+01 4.200080845618701630e+01
2.334975358043327986e+01 4.215985537491324209e+01 2.441245444757675997e+01
4.133883829941481025e+01 2.410910200472065412e+01 2.094505965154897353e+01
3.149357908335230150e+01 3.740878005762203884e+01 2.886773039371615823e+01
1.663476048858057510e+01 3.271592512572386369e+01 3.837204897422937933e+01
2.376430150728030455e+01 1.776207329868876883e+01 3.021755949916991568e+01
4.656747937251668645e+01 9.333422728252356748e+00 2.890679056844934536e+01
5.244410912685999904e+01 2.940951599974007280e+01 3.404599557190365289e+01
5.392157471790011414e+01 2.342327570656212998e+01 3.158128429761758582e+01
3.155788654044442154e+01 1.570213618507732534e+01 4.107672551895328894e+01
2.637730036715160864e+01 4.259355059653714903e+01 3.521926462291622784e+01
2.616322199724688957e+01 9.274774353819820405e+00 2.161149180566051342e+01
3.434692048409890219e+01 1.504367279897338960e+01 2.581480505792438862e+01
3.121994993267520613e+01 1.255925407332228971e+01 2.633013236126022250e+01
2.707334639471139681e+01 3.489252177399968957e+01 3.743004498125558399e+01
4.783201385761569213e+01 1.436156149895027667e+01 4.150604535845145904e+01
1.921250008135189091e+01 2.420786758351419365e+01 3.128849448168049463e+01
2.746732161866238187e+01 9.414450298931207328e+00 3.444159653461420589e+01
3.293597092629175904e+01 3.636992637519682603e+01 3.655556322028661498e+01
2.122927168461346525e+01 2.097607254894302997e+01 2.784024820436618342e+01
3.418210298712027395e+01 1.391248445830536795e+01 3.475743592888539979e+01
3.007792003264301428e+01 2.268302012557122183e+01 2.024985735060572978e+01
1.906036524605684690e+01 2.602725870154872823e+01 3.042435342813622867e+01
1.108625482914923310e+01 4.312868140010353812e+01 2.436526132573263226e+01
3.040905167415237642e+01 8.336902656482010343e+00 3.820136281071416562e+01
3.752950540739622198e+01 2.799124903978336221e+01 4.140808039847217970e+01
4.455719519294194697e+01 1.463397726134103216e+01 4.051419709033427097e+01
2.372100441358468004e+01 4.231139245470738786e+01 3.827926567026747762e+01
2.111103993225716025e+01 4.833149493599794511e+01 2.312141391209028285e+01
3.725872607676592452e+01 3.546039231230050603e+01 2.786523100997348834e+01
2.715639633452768820e+01 3.888951190692394277e+01 2.960293694551607402e+01
2.102861643804561353e+01 4.354840136855069233e+01 4.003772893895052931e+01
4.736254224928062939e+01 1.539127434149251883e+01 3.205512284111125609e+01
2.050435406649369696e+01 2.702987198894819798e+01 2.683477533471034704e+01
1.001955072880100417e+01 4.437069480984655456e+01 3.120530348801721132e+01
1.846689092705887703e+01 3.976716454710401649e+01 4.036432447623248976e+01
1.142896208518140355e+01 4.660375899931301547e+01 3.644574759092754590e+01
3.091877921788695716e+01 9.212567449746458692e+00 3.857933480348690836e+01
5.199769751491425041e+01 1.597268880541555447e+01 3.903688424061964213e+01
4.814491647862850954e+01 1.573994175753520608e+01 3.188577445085255846e+01
5.043547226491244118e+01 3.050459695876610766e+01 3.642912293120058109e+01
5.225723772801849520e+01 1.287691832184261465e+01 2.442096576501094418e+01
1.710380340802957022e+01 4.953378134315469339e+01 2.244706107079810309e+01
1.732613573974360577e+01 3.397627665969871202e+01 3.934823423344775506e+01
2.539056262742936809e+01 1.416985463547173651e+01 3.393813857672983403e+01
5.241152648975604222e+01 1.939702368280058309e+01 3.128817270651121873e+01
4.386874772573331427e+01 1.493601597467402442e+01 4.016302753498849398e+01
4.265520272251403355e+01 2.349720137743583592e+01 4.198262796711466649e+01
8.643943066871571546e+00 4.132471990622316582e+01 3.042665952469435808e+01
1.966233106521549701e+01 4.951969690234693644e+01 3.809146585957618925e+01
3.067825028339067472e+01 1.151056834575433641e+01 4.080126451054453440e+01
5.086768578083064085e+01 1.868515651778540843e+01 2.268849353199048124e+01
1.948591613467208816e+01 5.122792870664933673e+01 3.289174192268681907e+01
2.725146295112855555e+01 3.821434079101155135e+01 3.296798012962320712e+01
3.083669292900645686e+01 1.472186843420530700e+01 3.240178398618192546e+01
1.153256176861406601e+01 3.129935795457345904e+01 3.774314781658802076e+01
1.724030563304035724e+01 4.109029630362792318e+01 2.268289594664205566e+01
4.396152137524277492e+01 1.942696672611878839e+01 4.166924098733157678e+01
1.637153226167908215e+01 3.982391088036424520e+01 2.238380919263858004e+01
1.123403871609293248e+01 3.077345227223981539e+01 3.149372957236953141e+01
2.316747886270973567e+01 1.016916267723274458e+01 4.052990317620650274e+01
1.674936424103063359e+01 5.417471310703338361e+01 3.743419570915115457e+01
2.662644859243811268e+01 3.058605248789353226e+01 2.276039943917339059e+01
4.300266919243263430e+01 2.122248972050060800e+01 4.184618876602913673e+01
5.045051869761638130e+01 1.121850616398931422e+01 2.240207647677447866e+01
2.735394286357595917e+01 1.779528718635160445e+01 4.282269629532082433e+01
1.971985269519993622e+01 4.972747731897885615e+01 2.221457072926435217e+01
3.773629834886313006e+01 1.261536932793161725e+01 3.330400470546772596e+01
1.681936094506515289e+01 5.425698388906674552e+01 2.532819154407396312e+01
4.891250328290921345e+01 9.725237430883838741e+00 4.074530365362968354e+01
1.291159635128654770e+01 4.031349993005733978e+01 4.039401254300152289e+01
1.270114340884531323e+01 3.144497211241753121e+01 2.503346970670597216e+01
3.120618846094671639e+01 1.202965076420072954e+01 4.027646751221691801e+01
3.430659842861021502e+01 3.485107668966880112e+01 3.783830427272551589e+01
5.041786378169199168e+01 1.332178752258059440e+01 2.203858781126303867e+01
8.158968297000434688e+00 4.057921245915480313e+01 3.252760339387983635e+01
2.004909961314687195e+01 5.115840552990953682e+01 3.110792441318344004e+01
5.064589754911146002e+01 2.723400759512392355e+01 3.889807374755371683e+01
2.612204170263496650e+01 1.508032629619381382e+01 2.933380643274816535e+01
1.960171794559821024e+01 3.367815974147643487e+01 3.778854877644754140e+01
5.383763465309959884e+01 2.635247665053772081e+01 3.441027073491831345e+01
1.414499307336740763e+01 4.043112216381974378e+01 2.249109275417477249e+01
2.327743778723665713e+01 3.804777570321284941e+01 2.464776582701469110e+01
2.170992098535749548e+01 4.748491388696155724e+01 2.622419004656071451e+01
1.939553662448708238e+01 4.441557303551536506e+01 4.221860031793373480e+01
1.070816123602305403e+01 4.594760825481466782e+01 3.406332744308937066e+01
1.901081856151251159e+01 5.241069145929623119e+01 2.844957773827092495e+01
1.570360068991224267e+01 3.126598587484340896e+01 3.656841756072900296e+01
2.186057212535469318e+01 2.567335782347921480e+01 2.438040440594534175e+01
5.162625155365710583e+01 8.650791757288896378e+00 3.779651220992205651e+01
2.388062383871542593e+01 3.141200874142483457e+01 2.515322908081804343e+01
4.438044113253991441e+01 1.438217146185034956e+01 3.025676583934380659e+01
3.277274602343880616e+01 3.186194333606627183e+01 2.291305395790840649e+01
2.500750965378128754e+01 3.391406800753873796e+01 3.714446202010005749e+01
4.664188691409172804e+01 1.933099761104036673e+01 4.152069955248265387e+01
2.988862700997310640e+01 1.547469312538204811e+01 4.200842555985280313e+01
2.208797710455067431e+01 1.742742535333601950e+01 3.860921364574261361e+01
2.618381717065193470e+01 1.177659572706690838e+01 2.058075851880686358e+01
2.049322666755438505e+01 4.887714003484880720e+01 3.950809307562879269e+01
2.744150358632631992e+01 3.039016303199481328e+01 2.234041512855701228e+01
4.802154187660421059e+01 1.695719115837037450e+01 4.160353072233070293e+01
3.877218228390653110e+01 1.398252430960815751e+01 2.632125126530877424e+01
3.182936498345360476e+01 1.410131094766217075e+01 3.929147337335204782e+01
5.305244601646604963e+01 2.560530390817474355e+01 2.693605846031373119e+01
2.081341883907258605e+01 4.785882873124511150e+01 1.869662055424847935e+01
1.520407915033948498e+01 4.205493933693761477e+01 2.286229702492023819e+01
2.308267886948656411e+01 2.118862720343634365e+01 4.095102267790661443e+01
4.332723058414755002e+01 3.419766538780197607e+01 3.479569217455515684e+01
2.011642839679260675e+01 4.989226728426955049e+01 3.615892046724049180e+01
2.139309994470086451e+01 2.280285961455588861e+01 2.503662111304587157e+01
2.184522670628549434e+01 4.654225642126309026e+01 2.146986445839687363e+01
8.609732365152906297e+00 4.127225568360965724e+01 2.994552679121922267e+01
3.883743581192621264e+01 2.236807890710384683e+01 4.231027967675103696e+01
4.054153366016375060e+01 2.054816714240260112e+01 2.103482048338406329e+01
2.829381578535993924e+01 2.609672368231524331e+01 4.233920321958694899e+01
3.555637082860431519e+01 1.532102312543739053e+01 3.862272720794757674e+01
2.356310525658627242e+01 4.513876403422538885e+01 3.666076941513647114e+01
1.485562997028311827e+01 3.147799220912745000e+01 3.758639571927342615e+01
1.853241476001360510e+01 5.134901871790974326e+01 3.760367037434834003e+01
2.500268632308160122e+01 4.450748048305296578e+01 2.734099236177198833e+01
3.684538068860508986e+01 2.151492963590561658e+01 4.243038763734158891e+01
2.101940160529831303e+01 3.851890096022341936e+01 3.972409165079139370e+01
2.207368863568450834e+01 1.857225194090530351e+01 2.501915229457499379e+01
5.290966872654085762e+01 2.060099009454665975e+01 3.378384603133252284e+01
2.058689128430265924e+01 2.781959153621716041e+01 3.605956435987027930e+01
3.378459697658941963e+01 3.611515313363249646e+01 2.618309634115880868e+01
2.459589196685794477e+01 2.283353204887922061e+01 2.123940842498988246e+01
2.751993490806184894e+01 2.661806566202362490e+01 2.089311890289651075e+01
2.566479415905171635e+01 2.878763757177371119e+01 2.225765717263473320e+01
1.968729423588319349e+01 4.853702859113119672e+01 1.831235529470362167e+01
1.071025105456049786e+01 3.647033586102006097e+01 4.109091343471778401e+01
3.655258401542236868e+01 3.309058145782017846e+01 2.451297504336740829e+01
2.900546367242344914e+01 8.049565971919978580e+00 2.325754401270945948e+01
5.128887570940662499e+01 1.754780809605132674e+01 3.290607032035664758e+01
2.262694002399848614e+01 1.873358950345858531e+01 3.047945975693263065e+01
3.447757532655832335e+01 1.794292277717000772e+01 4.196073972197554269e+01
4.699420582582742867e+01 2.054696957988432615e+01 4.142115633598550772e+01
2.741532182879963386e+01 1.284056452204982435e+01 2.896192138751070644e+01
2.537088785870464847e+01 4.024288479582710920e+01 2.557839249091865952e+01
5.024296198201548691e+01 2.031521873782915932e+01 2.257391640121371168e+01
3.522676795261684646e+01 1.394704903206737967e+01 2.724887776213774515e+01
1.889407895985188190e+01 3.659845057094909748e+01 4.006223226461519005e+01
1.455697164503819074e+01 4.561660701757720915e+01 3.942655700958525955e+01
4.521694581675327385e+01 1.507774915552035111e+01 4.095396307325409424e+01
1.087852407962025758e+01 4.168699627515528050e+01 3.908228371615780361e+01
1.828011744808893368e+01 4.960642155161070121e+01 4.023230292224805282e+01
3.229137252129366686e+01 3.217108015690913447e+01 2.298685711160080558e+01
3.094384567353000648e+01 1.468806457588985559e+01 3.092678218848449845e+01
3.623755011277012983e+01 3.586376445651590217e+01 3.507218195137079420e+01
2.155215363710203746e+01 2.068385605570738761e+01 2.702035964812451851e+01
1.618534953488035910e+01 5.379891518659582061e+01 3.663939418836540796e+01
8.335584560261668940e+00 3.313606617107423347e+01 3.788055062360405145e+01
3.207459276067351794e+01 1.440408663085416308e+01 3.121990025429215976e+01
4.433373788065840415e+01 1.400516663182946075e+01 2.864797632128219362e+01
4.961397838367670232e+01 9.656896717051393964e+00 2.259889057463133710e+01
1.886591895268333374e+01 2.709500148689599186e+01 3.263503206550538494e+01
5.092779659073239884e+01 1.229317302511035770e+01 2.928856085178213320e+01
4.774862458743174187e+01 8.715757246484734821e+00 3.397602914989915490e+01
1.589698995096049217e+01 5.263848525551747315e+01 2.576291010264308312e+01
2.433656217425686563e+01 8.377827531959754381e+00 2.348257480381646189e+01
2.509538970796023349e+01 4.374686386423331186e+01 3.606448982502294598e+01
3.378721242368338551e+01 3.637454339520125046e+01 3.621064611647651077e+01
5.059572293877621973e+01 7.690198063381621374e+00 3.783671118036314596e+01
2.668383217334013580e+01 1.147496840182767386e+01 2.900853231415270628e+01
4.659950913079576651e+01 1.158551582837169747e+01 3.350183582857706455e+01
2.877802019561501723e+01 2.406173978503501942e+01 4.262078919747123962e+01
3.646689975615988999e+01 1.795129057055557809e+01 2.121117879431657371e+01
2.240070779512572585e+01 3.914129262412544819e+01 2.375606480404537990e+01
3.066204655806305368e+01 2.059611768592160530e+01 4.271930448408691916e+01
3.094684362132935007e+01 3.714671966467903985e+01 3.533203567999143502e+01
1.365434999886128864e+01 3.704542974765950447e+01 4.122257949737267779e+01
2.053312998438798687e+01 4.918527144741037205e+01 2.039789808788891889e+01
2.720634184420421064e+01 1.345924767186823701e+01 4.269989212046002081e+01
5.245709630616582331e+01 1.329253293158158478e+01 3.776307668965715436e+01
1.430834918165679781e+01 4.844241687068813462e+01 3.806437754309001775e+01
3.402428261112564201e+01 3.183981958962242231e+01 3.976804321588708291e+01
2.110603083695808024e+01 4.500384454397015332e+01 4.285676158432253402e+01
2.809182986859309850e+01 1.520360234963520085e+01 3.227210413575971870e+01
3.816284329194451885e+01 3.468484160539018291e+01 3.565123436756861963e+01
4.111296064250920779e+01 3.437338710936357700e+01 3.442031692970603274e+01
3.634063718457985459e+01 2.740662534380192028e+01 4.175035953819144652e+01
2.049842998662546023e+01 4.379961588157204488e+01 2.288596035344810176e+01
5.189644474193895718e+01 1.378597254725922028e+01 2.351942709588022495e+01
4.666011271802474170e+01 1.897901831554549545e+01 4.154637462308019025e+01
3.478597853554499864e+01 1.855459995028106590e+01 4.220985960324308905e+01
2.641751264450202896e+01 4.027532722714401814e+01 3.609060857681859602e+01
2.095780407781443699e+01 3.671410321571661228e+01 3.919356172998976717e+01
4.106504747810408418e+01 1.428878174441503113e+01 2.698371766764603663e+01
4.240804497455491173e+01 2.824001847588736069e+01 4.096511553799842886e+01
3.346101319983407052e+01 3.219164110437358772e+01 2.322126697698644193e+01
8.673979814316229664e+00 3.215801831885811168e+01 3.166462664042852637e+01
2.389574301874684181e+01 9.396180424581725532e+00 2.251057277129465461e+01
7.505034946704386201e+00 3.397305460746425609e+01 3.736069668002807020e+01
1.316895163111591316e+01 3.499815978143988104e+01 4.105680601231873084e+01
4.013597475748989041e+01 1.858098886399714544e+01 4.181281441217544170e+01
1.395920225197554565e+01 3.782895583853022714e+01 4.110834844676983124e+01
4.518814036066319062e+01 1.129003979747126962e+01 3.439701625551257536e+01
1.901570487516018204e+01 4.340929915156065277e+01 2.308439624903679999e+01
3.384322708772154442e+01 1.516578184773485738e+01 3.762757437315566733e+01
2.512066100758617182e+01 1.225624710539551288e+01 3.413530464476869497e+01
3.465091638599685808e+01 3.689814822921201198e+01 3.062391500816166356e+01
7.686815073261797693e+00 3.334216239278876515e+01 2.835786160780106613e+01
4.196746729650992336e+01 2.603203810444535904e+01 4.179612647774941792e+01
3.858398916980867455e+01 3.515362796130789036e+01 3.386756969235416648e+01
1.605580908707159793e+01 4.762967304460886453e+01 4.203013453667574595e+01
3.610587109224623958e+01 3.624191571224579889e+01 2.888410831831497916e+01
4.800024099795642485e+01 1.085827859946428831e+01 2.975630098045231975e+01
4.621418587452635762e+01 1.609843924725648989e+01 2.164167733238691227e+01
3.599636251477245708e+01 1.382150178463065870e+01 2.695704880232854705e+01
2.521745408262443533e+01 2.930072084853284764e+01 4.009918784123794921e+01
3.647665568471087738e+01 1.860634873781667409e+01 2.095762303217360056e+01
5.014840426515711869e+01 1.580126500211370733e+01 3.010548803046980737e+01
1.098767164186884848e+01 3.113300567660471430e+01 3.643667196946275055e+01
2.749964125034483686e+01 3.738916572310689901e+01 3.467600082745072143e+01
4.296855141829647806e+01 3.420097274599765313e+01 2.795419591525055125e+01
6.764786814963171580e+00 3.830718453100263332e+01 3.462679008330954389e+01
2.493008661324887143e+01 1.251053934606010287e+01 3.418777198795226724e+01
4.582383202237893016e+01 1.740680137052187604e+01 4.149001854301523196e+01
4.160604955799038862e+01 1.533386274470612065e+01 2.474695611487434732e+01
2.276611727193967738e+01 1.511553100387462223e+01 4.119591489429496534e+01
3.874574735811029313e+01 1.575249008977955789e+01 2.381200285203836131e+01
4.468185385903150575e+01 1.286202157067295104e+01 2.842893895407617322e+01
5.074652857370141135e+01 9.179425292661099078e+00 3.958118749044285778e+01
2.786773611781851301e+01 3.628693599786043222e+01 2.627811368059085240e+01
3.619863250729060411e+01 2.852905781511768168e+01 4.131436930256370488e+01
3.630845154025188037e+01 3.430901263163875825e+01 3.742795170295967466e+01
4.440856525392544540e+01 9.485220402244159743e+00 3.642088525579764280e+01
2.717428113919547172e+01 1.061124057603242221e+01 4.218002984893684015e+01
2.095600885123644375e+01 4.838190830592354530e+01 4.230882535756106222e+01
2.503852666306099906e+01 1.699190394794823789e+01 4.267058265694111441e+01
7.225587035162840621e+00 3.372137082736510649e+01 3.147762539778118196e+01
3.161437304401582082e+01 1.364383313002780440e+01 3.724020907621667220e+01
2.172788701638542364e+01 2.113462139753042379e+01 2.497285534714346866e+01
4.525701984766181596e+01 3.443758743953218726e+01 2.939145091211908678e+01
4.722058917607510864e+01 7.759405558928777147e+00 2.794431757795992866e+01
2.010051883282970664e+01 2.304398867307612875e+01 3.503647404106350649e+01
2.809849669925311844e+01 2.837677893951324393e+01 4.154769643034973114e+01
2.499670181957852577e+01 9.182168741345970275e+00 4.132145992020374337e+01
5.234827558071945930e+01 1.590693637057497689e+01 3.704647071971047012e+01
7.120373218783916158e+00 3.588742886747283478e+01 2.483921256470318895e+01
2.807664238998809481e+01 2.240771567593736080e+01 4.259936298097541396e+01
5.068947188808992621e+01 9.100630027666499089e+00 2.360099174225079821e+01
5.430155812258044534e+01 2.769239092794108714e+01 3.053499128472265767e+01
3.736949686189328190e+01 2.914096131785158406e+01 4.083474980285671307e+01
2.998441488769855212e+01 2.910797012398856154e+01 4.148462122119385498e+01
4.259033770135871322e+01 1.476884492084498390e+01 2.501096082560982481e+01
4.555838421837964347e+01 1.167464282143627585e+01 4.056150224770574653e+01
1.647121938157865983e+01 4.895752208065587041e+01 2.107769357976798830e+01
3.636893926058333193e+01 3.062171834427095263e+01 2.279264506690557113e+01
2.614993006065098768e+01 1.845920751534301019e+01 2.025119115430390693e+01
5.154397784837075847e+01 1.200458102709836439e+01 2.860027803261194634e+01
2.536791722839749141e+01 2.475408241727066994e+01 2.129315879621121255e+01
3.696333781781164873e+01 3.091669347797716227e+01 3.977646124286615503e+01
5.226324859344108376e+01 1.540084734821143186e+01 2.721340365140439133e+01
3.371823001194501757e+01 2.264763464519251812e+01 4.275795422127492174e+01
1.832726742390566699e+01 2.974966734112460642e+01 3.222886018422801158e+01
6.770514408575371235e+00 3.640550190241826556e+01 3.712807213547244345e+01
4.278266266228496306e+01 1.431058828154930396e+01 3.766859689378683385e+01
2.450869608461140103e+01 2.830826486106012396e+01 4.016340636974220502e+01
4.422572016394302352e+01 3.472764500874912841e+01 3.026046658997202954e+01
5.109076623270858164e+01 1.542835667763773699e+01 3.351284065851790217e+01
3.588150506531943762e+01 1.541437684897252147e+01 3.889270936359481112e+01
4.102103043624789080e+01 1.654864919798574974e+01 2.262080880471605937e+01
2.527016773738500177e+01 1.654127195725907384e+01 3.271222252875303127e+01
1.042250440028124991e+01 4.555219968806051156e+01 3.128465237307081992e+01
2.186174063081467267e+01 1.995043837439634160e+01 2.725128913833716027e+01
2.683801375023232438e+01 7.235892158075407643e+00 2.460875937403146452e+01
4.451450375730411224e+01 9.585271983608834034e+00 3.590423015703903786e+01
5.114929365828757568e+01 1.380114014584607496e+01 2.252063784206559660e+01
2.337259402177401313e+01 2.212573437054999204e+01 4.106521668757032018e+01
1.527594078012484324e+01 5.042691365430660255e+01 2.614035930548996589e+01
2.687196123747258270e+01 3.776904814621352102e+01 2.841124698420394878e+01
5.209364431322917710e+01 1.642544466925529534e+01 2.810088812168934425e+01
1.593938140324888941e+01 3.355645900879523680e+01 3.954378255850997448e+01
4.576405937438019578e+01 3.430033435771736094e+01 3.362351727520872657e+01
4.102984209733953946e+01 3.276684616931867566e+01 3.743621371815054033e+01
4.754499780362495898e+01 3.331358266899012932e+01 3.503225493293261650e+01
4.729834794043087953e+01 3.069711292710928774e+01 3.861389651683813184e+01
2.660995085625864576e+01 2.416970100295462487e+01 2.078185134113437016e+01
1.946148597673713709e+01 5.207661789668146923e+01 2.743794363012302995e+01
2.094562864743645036e+01 4.478709981954443720e+01 2.084671669117079063e+01
5.478652538423058616e+01 2.646642725067151503e+01 3.136916224900727101e+01
5.129139083285426182e+01 2.601733384418338701e+01 3.870438555016268367e+01
2.180656594236703683e+01 4.836042722218777357e+01 2.773258666951726781e+01
3.854635931922366154e+01 3.535714288222224155e+01 2.995938395186652770e+01
5.254470129388460720e+01 2.917140860957692183e+01 3.420601047046540799e+01
4.242416272830705282e+01 3.475036263780761914e+01 3.210578685328566451e+01
2.112360231863660687e+01 3.770846347786637409e+01 3.950332041583789788e+01
1.486976064452899315e+01 3.268214930814816199e+01 2.405705910708192619e+01
4.562655032808128652e+01 3.430930081096308015e+01 3.366904343236405595e+01
2.914493892535562836e+01 7.934518650433824760e+00 2.363498176254269012e+01
4.738352090559139640e+01 3.404271027821521756e+01 3.255640376177794337e+01
1.220630538155150724e+01 4.811911486579914765e+01 2.636301888110466152e+01
3.983837161609690725e+01 2.466135088364886130e+01 2.082802551579726114e+01
1.259928734387853488e+01 4.170485125246743507e+01 2.306553318586372825e+01
4.506048267633349269e+01 8.324485465425695452e+00 2.553146812573399060e+01
2.868625744093223418e+01 2.570117557204409664e+01 2.049879686967854298e+01
4.373249613020044535e+01 1.283601316263251313e+01 2.646711018391865622e+01
1.312333643295048802e+01 4.862359869603327667e+01 3.719789928653431588e+01
2.751355319290212620e+01 3.833241044197883696e+01 3.123172654541377824e+01
4.843337677361688520e+01 1.493715296061224507e+01 2.150858896245572538e+01
